================================
1->等级：10		比例：0.008605851979345954		胜场：5 /581
309,75,295,64,204,321
75,64,204,309,295,321
75,295,64,204,309,321
75,309,295,64,204,321
75,295,309,64,204,321
2->等级：9		比例：0.006756756756756757		胜场：4 /592
272,48,64,265,260,304
64,260,265,48,272,304
260,64,265,48,272,304
260,265,64,48,272,304
3->等级：4		比例：0.0034602076124567475		胜场：2 /578
13,6,203,32,2,295
6,13,295,32,203,2
4->等级：11		比例：0.003430531732418525		胜场：2 /583
202,67,5,3,2,304
5,2,67,3,202,304
5->等级：6		比例：0.003418803418803419		胜场：2 /585
43,32,298,256,65,205
43,32,256,298,65,205
6->等级：5		比例：0.0017605633802816902		胜场：1 /568
309,204,5,67,66,202
7->等级：6		比例：0.0017152658662092624		胜场：1 /583
324,32,73,309,76,299
8->等级：6		比例：0.0014084507042253522		胜场：2 /1420
31,44,31,296,321,203,201
44,31,201,296,31,321,203
9->等级：9		比例：0.0011580775911986102		胜场：2 /1727
65,33,44,35,203,217,257
33,65,44,35,203,217,257
10->等级：9		比例：0.0011205737337516809		胜场：5 /4462
289,31,265,42,14,313,222,212,76
265,289,31,42,14,313,76,212,222
313,31,289,42,14,76,265,212,222
14,31,313,289,42,265,76,212,222
42,222,31,313,289,14,76,212,265
11->等级：7		比例：0.0005003335557038026		胜场：3 /5996
319,201,41,75,67,259,271,223,300,318
201,41,75,300,67,319,259,223,318,271
201,41,319,75,223,67,300,271,318,259
12->等级：8		比例：0.00044662795891022776		胜场：2 /4478
223,3,18,61,6,322,204,67,320
18,322,3,6,67,61,223,204,320